X = [1 0.35 0.9];
y= [0.5];
t1 = [0 0;.1 .4; .8 .6]';
t2 = [ 0 0.3 0.9];
